,num_resp,nbr_relation,food_worry,apprch_bside,hlth_happy,chat_often,rlns_safe,age,bside_dur,household,walk_aid,imm_status,bside_pre_muni
BRIDGEVIEW PLACE,24,2.1,1.2,1.6,2.5,1.7,4.2,8.0,3.7,0.9,1.8,0.6,0.8
COLEOPY PARK,19,1.9,1.8,2.4,2.8,2.4,4.0,7.8,3.5,0.8,1.7,0.4,0.8
COLLINGWOOD TOWER,16,2.0,1.4,2.4,2.7,2.0,3.6,8.3,3.3,0.9,1.7,0.3,0.9
LIONS VIEW BLDG I,15,2.2,1.3,1.9,2.2,2.2,4.2,8.1,3.7,1.0,1.8,0.6,0.8
LIONS VIEW BLDG II,15,2.3,1.6,2.1,3.0,1.9,4.1,8.1,3.5,0.9,1.8,0.6,0.7
GORDONFAHRNI,13,2.1,1.8,1.5,2.3,2.0,4.4,8.5,3.5,1.0,1.7,0.6,0.9
MORELAND KENNEDY,11,1.8,1.5,2.3,2.5,2.0,3.6,8.0,3.7,0.9,1.5,0.5,1.0
GLYNN MANOR,11,2.2,2.5,2.3,2.9,2.5,3.4,6.2,3.4,1.0,1.7,0.8,0.8
LIONS VIEW BLDG III,10,2.0,1.0,2.0,2.6,2.6,4.2,8.4,3.7,0.8,1.8,0.4,0.7
WALLACE WILSON,9,2.1,1.2,1.7,2.1,2.2,3.8,7.7,3.4,1.0,1.9,0.7,0.4
SOROPTIMIST LIONS,9,2.0,2.0,2.6,2.8,2.2,3.6,7.8,3.6,0.9,1.8,0.6,0.9
MOUNT PLEASANT,9,2.1,1.2,1.8,2.1,2.0,3.9,8.1,3.6,1.0,2.0,0.9,0.8
ALICE SAUNDERS,7,2.1,1.0,1.3,2.3,1.9,4.3,8.0,3.6,1.0,1.7,0.7,0.7
ARBUTUS COURT,7,2.1,1.3,2.1,2.3,1.9,4.0,8.6,4.0,0.7,1.7,0.3,0.7
LONDONDERRY,7,2.0,1.0,2.9,2.6,2.9,3.1,7.7,3.1,0.9,2.0,0.3,0.9
MAGNOLO MANOR,7,2.0,1.1,1.4,1.7,1.4,4.3,8.1,3.1,0.6,1.6,0.9,0.7
BURRARD MANOR,6,2.0,1.0,1.7,2.3,1.8,4.2,8.5,3.7,1.0,1.8,0.7,0.8
LOYAL ORANGE,5,2.2,1.4,1.8,2.6,2.0,3.6,8.0,3.8,1.0,2.0,1.0,1.0
HARWOOD MANOR,5,2.2,2.2,2.0,3.2,2.4,3.4,7.2,3.6,1.0,2.0,0.4,0.8
FLORENCE MANOR,5,2.2,1.2,1.2,2.4,2.4,4.4,8.0,3.2,1.0,1.8,1.0,0.8
MACLEOD MANOR,4,2.0,1.8,2.8,2.8,3.8,3.2,7.0,3.2,0.8,1.5,1.0,1.0
MUIR MANOR,4,2.0,1.5,2.2,3.2,2.5,3.0,7.0,3.8,0.8,2.0,0.8,0.8
KINGS DAUGHTERS,2,2.5,2.5,3.0,2.5,2.0,3.0,8.0,4.0,1.0,1.5,1.0,1.0
WILSON HEIGHTS MANOR,1,2.0,1.0,1.0,5.0,3.0,4.0,4.0,2.0,0.0,2.0,0.0,1.0
EDWARD BYERS,1,2.0,1.0,2.0,2.0,1.0,4.0,9.0,4.0,1.0,2.0,1.0,1.0
FIRST LUTHERAN COURT,1,2.0,1.0,1.0,1.0,2.0,4.0,7.0,4.0,0.0,2.0,0.0,1.0
